1
2
3
4
5
6
7
8
9
10
11
12
13
14
15
16
17
18
19
20
21
22
23
24
25
26
27
28
29
30
31
32
33
34
35
36
37
38
21594
21595
1131
753
3513
13393
13831
14616
21596
12735
12814
565
12360
8417
12163
1014
574
8323
14513
14507
13267
1224
21468
3524
3522
3514
3519
3521
16258
3583
3730
3636
3637
3517
13403
13447
12531
12533
1145
1193
3716
1128
12065
13900
3337
12030
3011
2890
10035
11682
8052
2942
2928
21981
12636
11678
21631
2953
3772
4288
21632
12763
12465
2943
11875
3103
3004
13272
12400
1946
474
12686
12566
14708
446
12002
2250
465
2257
11859
556
12570
12538
484
570
12742
21633
21939
2100
455
4486
13719
12022
14537
12384
2431
2432
8425
710
9021
1936
12524
12365
13408
12706
29955
13514
2944
6299
2602
2597
1571
17191
19605
64
17158
17177
17155
17166
2603
17184
7050
17165
17172
2725
17180
17195
2614
17210
17211
17199
17209
17198
21879
17202
17208
40
17218
17216
55
17224
17217
17219
2714
12429
11787
17306
11788
2748
11795
21825
22001
11785
2753
1583
17311
17314
17315
17312
2756
1591
41
17321
17320
17324
17325
8661
52
15225
82
16552
86
85
84
15558
21999
2749
12033
2576
17121
17707
17709
2571
2572
17712
21884
126
958
12207
12208
12209
17713
17715
16781
17717
108
17720
16791
12514
2426
12515
17092
612
16554
688
689
2680
678
16690
11869
19432
11871
16695
16555
2679
2759
16565
133
16265
12294
12293
2677
1472
15555
21887
12024
1536
2798
2630
614
148
2801
16369
12060
15539
16378
13258
12398
144
1541
14283
17835
139
17837
18292
2464
691
150
16524
16522
16519
16709
1537
693
1539
2752
12025
1473
146
19521
2422
683
16718
15556
2412
2465
21890
657
633
216
16491
211
210
188
207
2824
16482
16485
164
165
634
16498
215
16674
16675
16503
19122
16502
2736
12727
21889
12726
17008
12729
22000
11907
16399
16407
189
18944
163
2820
2711
16627
16396
166
167
162
17099
11887
168
214
2536
17104
17094
154
17102
16388
176
16824
219
604
605
21773
16418
16883
609
14971
16506
658
16631
2829
3504
16541
2609
669
21182
670
2608
12228
11831
12224
19102
18883
12226
12222
698
17330
12203
842
845
882
848
10509
10510
21778
18839
8740
662
229
21876
12007
233
844
847
22009
514
846
12578
225
224
223
221
230
234
16432
666
242
246
2629
2628
2562
866
2627
2561
237
2582
236
284
283
304
2558
12665
243
298
15910
18779
12055
2590
11261
2593
21359
258
15909
257
19116
240
2427
13412
2179
2178
276
277
249
252
248
251
247
250
285
12804
256
238
18780
2700
10559
21040
271
316
10536
1783
317
318
8858
849
12298
8434
2541
12378
11817
2449
319
2498
11286
11306
1442
867
334
12666
12581
14420
1447
2760
12663
12576
18411
11978
12390
11296
14723
20284
19894
857
357
19893
358
8862
10542
3030
17922
21908
2936
17860
2999
17914
11964
12295
11967
2542
12664
12608
12477
10506
12063
872
822
838
360
359
1513
1515
10973
11941
2775
2776
337
12708
1094
1108
338
12396
2793
12395
12174
11888
2708
14908
14817
14515
14574
17468
14577
14798
344
346
16348
14972
8755
21830
13300
352
21542
3415
14656
351
345
350
349
12698
13150
1221
1512
893
14284
8736
11666
1111
1170
1931
2190
2613
2779
3516
3520
8426
10397
11827
14728
15475
15890
19872
21462
482
483
512
534
540
550
558
661
716
754
787
823
1112
1134
1136
1176
1178
1218
1315
1498
1982
2237
2880
2881
3169
3292
3299
3358
3440
3492
3555
3571
3576
3578
3582
3591
3592
3596
3599
3609
3642
3653
3654
3660
3669
3673
3682
3694
3696
3714
3718
3731
3764
3765
3766
3767
3771
3778
3781
3784
3787
3790
3843
4044
4182
4189
4190
4196
4211
4235
4607
5127
5457
5797
6138
7257
7300
7633
7837
7838
7839
7840
7841
7842
7844
7846
7847
7848
7849
7850
7851
7855
7856
7857
7858
7859
7860
7861
7862
7863
7864
7865
7866
7867
7868
7869
7870
7871
7872
7874
7875
7876
7877
7878
7879
7883
7884
7885
7886
7887
7888
7889
7891
7894
7895
7896
7897
7898
7899
7900
7901
7902
7903
7904
7905
7906
7907
7908
7909
7912
7913
7914
7915
7916
7917
7918
7919
7920
7921
7922
7923
7924
7925
7926
7927
7928
7929
7930
7931
7932
7933
8046
8115
8125
8128
8281
8294
8297
8300
8314
8557
8558
8679
8817
9298
10496
10603
10703
10803
10966
10967
10968
10969
11147
11231
11549
11889
12031
12086
12113
12167
12193
12199
12202
12373
12427
12461
12499
12553
12589
12678
12679
12681
12861
12961
13037
13401
13650
13882
13919
14441
14776
14885
14936
15392
15507
15589
17197
17365
18625
19147
19637
19878
20932
20948
21330
21771
21868
23582
2754
3176
3177
3733
3735
3741
3742
3743
3744
3747
3751
3753
3755
3757
3759
8134
8284
8430
8560
9283
10849
11835
12762
18607
1202
2351
3723
3761
3762
3763
3768
3769
3770
3773
3775
3777
3780
3782
3785
3786
3788
3789
3791
3792
3793
3794
7687
8069
8083
12094
13570
14327
14664
15784
16253
16256
17706
22060
1037
1044
1083
1182
1305
1316
1325
1326
1366
1924
3241
3254
3275
3276
3277
3279
3280
3338
3393
3795
3796
3797
3798
3799
3800
3804
3805
3806
3807
3809
3810
3811
3812
3813
3815
8076
8119
8126
8207
8231
8298
8302
8303
8938
20388
11508
11933
12085
12087
12161
12213
12376
12550
12552
12879
13899
14103
14419
14943
15090
16878
17117
17348
17479
19451
19914
19928
19977
20152
20361
20553
20799
449
592
812
826
861
1413
1457
1462
1465
2475
2491
2515
2649
2728
2951
3304
3340
3728
3818
3819
3821
3822
3823
3824
3825
3826
3829
3830
3833
3834
3836
3837
3838
3840
3842
3844
3845
3847
3848
3850
3851
3852
3853
3856
3857
3859
3861
3862
3863
3864
3865
3866
3867
3872
3875
3876
3877
3878
3880
3896
4728
4732
4983
6785
8091
8092
8794
9066
9068
9286
9287
10899
11274
11675
11803
11865
11932
11935
11955
12117
12134
12201
12457
12586
12615
12630
12755
12768
12771
12860
13307
13519
13571
13713
13720
13721
13795
13864
13940
14118
14300
14330
14369
14522
14526
14580
14602
14604
14612
14617
14619
14632
14657
14917
14919
14920
14922
15298
15468
15740
15973
15974
15975
15977
15998
16894
17407
17454
19140
19934
20192
20590
21770
21775
21776
429
2073
2089
2124
2193
3882
3883
3884
3885
11814
11815
12166
14489
774
775
963
1160
1324
1510
1910
2239
2469
2667
2774
2802
2844
2917
3231
3232
3278
3282
3373
3572
3887
3888
3890
3891
3895
3897
3898
3899
3902
3903
3904
3905
3906
3909
3910
3912
3913
3915
3916
3917
3918
3919
3920
3921
3923
3924
3925
3926
3927
3928
3929
3930
3931
3932
3934
3935
3939
13797
3942
3946
3947
3948
3949
3950
3951
3952
3954
3955
3956
3959
3960
3961
3962
3963
3964
3966
3967
3969
3970
3971
3972
3973
3975
3976
3978
3979
3981
3983
3984
3985
3986
3987
3988
3989
3990
3991
3992
3993
3994
3995
3997
3998
3999
4000
4002
4003
4005
4006
4007
4798
5026
6368
7641
8049
8054
8073
8118
8132
8291
8322
8324
8394
8727
8728
8757
8758
8769
8782
9446
9777
9778
9779
10041
10231
10549
10583
11804
11805
11904
11910
12062
12109
12135
12140
12152
12171
12244
12269
12407
12425
12449
12577
12592
12607
12616
12647
12799
12847
12881
13525
13535
13576
13578
13604
13619
13679
13762
13834
13913
14371
14476
14487
14570
14620
14913
14949
14980
15364
15550
15735
15736
15972
17263
17350
17457
17463
17836
18012
18077
18530
18531
18544
18551
18782
19220
19882
21436
21777
21779
21990
537
2451
2579
3362
4008
4009
4010
4011
4012
4013
4014
4015
4017
4019
4022
4023
4024
4025
4027
4028
4029
4031
4032
4033
4035
4036
4037
4038
4039
4040
4043
4045
4046
4047
2514
4049
4050
4051
4052
4054
4677
10938
11271
11926
12245
12389
12572
12642
12769
13828
18314
19148
19163
21973
1141
1444
1449
1450
1526
1675
1820
1821
1822
3088
3715
4055
4057
4059
4060
4061
4062
4063
4065
4067
4069
4070
4071
4073
4076
4077
4078
4079
4080
4082
4083
4084
4085
4086
4087
4088
4089
4090
4091
4092
4093
4094
4096
4097
4098
4099
4100
4101
4103
4104
4105
4106
4107
4108
4109
4110
4111
4112
4113
4114
4115
4116
4117
4118
4119
4120
4121
4122
4123
4125
4126
4127
4128
4129
4131
4132
4133
4744
8082
8090
8136
8286
8537
9722
9961
11672
12241
12637
13644
14078
14107
14411
14475
14546
14547
14563
14568
14607
14608
14717
14816
14818
15493
17379
1106
1496
1621
3391
4134
4135
4136
4142
4143
4144
4145
4146
4147
4148
4149
4150
4153
8194
9046
9358
9396
9654
12054
12322
12375
12443
12646
12747
16277
17106
17766
17767
17768
17782
17783
17784
17788
17792
17794
17809
17810
696
1480
2758
3676
4496
4894
5737
6263
6284
6709
6923
6992
8056
8549
8786
8790
8970
9955
10554
11939
12005
13724
14381
14502
14852
14948
14965
15308
15547
15622
20542
20543
20772
21545
2727
4159
4174
4335
12137
12529
13577
15345
778
1197
1320
4176
4177
4180
4181
4183
4184
4186
4187
8789
11595
12737
15501
361
374
477
769
840
1267
1477
1494
2279
2429
2440
3159
3226
3308
3350
4191
4192
4195
4197
4198
4199
4200
4201
4202
4203
4205
4206
4207
4208
4209
4210
4212
4213
4215
4216
4217
4218
4219
4220
4221
4222
4223
4224
4226
1697
4228
16471
4230
4231
4233
4234
4236
4237
4240
4241
4242
4243
4244
4245
4246
4247
4250
4251
4253
4259
4260
8061
8305
10465
11676
11968
11981
11993
12041
12042
12125
12462
12736
12753
13056
13057
14378
14711
15473
16664
17455
17974
17975
20548
20882
21500
21782
22002
22615
15484
16653
4262
4263
8900
21342
1505
1613
1778
2151
2626
3293
4282
4283
4284
4286
4287
4289
4290
4292
4293
4294
4295
4296
4297
5912
1482
4298
4299
4300
4301
12325
17777
761
765
768
1365
1409
1410
2066
2891
3052
3090
3217
3286
4302
4303
4304
4305
4306
4307
4308
4309
4310
4311
4312
4313
4314
4315
4316
4317
4319
4320
4321
4322
4729
4734
8158
8241
8348
8528
10897
10952
10960
11114
11130
11136
11163
11264
11432
11843
11909
12011
12110
12460
12471
13911
13946
13957
14349
14736
15486
17741
19852
20362
20378
935
939
1483
4338
4340
4344
8238
12611
12629
12805
16599
17762
17763
17773
17774
8318
10655
11970
12217
12261
18700
453
545
613
790
806
925
930
1158
1412
1415
1530
1563
17708
1850
1977
2501
2523
2577
2645
2778
2806
2853
2957
3239
3256
3272
3309
3344
3345
3368
3379
3383
3384
3568
3631
4350
4351
17122
18888
18887
18271
4373
4374
4375
4378
4381
4382
4383
4387
4388
4389
4390
4391
4392
4393
4394
4395
4396
4398
4399
4400
4401
4402
4405
4406
4407
4408
4409
4410
4413
4414
4415
4416
4417
4418
4419
4420
4421
4422
4423
4424
4425
4426
4427
4429
4430
4432
4433
4434
4435
4436
4439
4440
4441
4442
4443
4444
4445
4446
4449
4451
4453
4454
4455
4456
4457
4458
4462
18855
18857
4470
16773
17711
17710
19427
4478
1634
4483
4484
4487
16780
407
4491
4492
4493
4494
4495
4497
4498
4499
4500
4501
4502
4503
4504
4505
4506
4507
4508
4509
4510
4511
4512
4513
4514
4515
4516
4517
20347
4523
4524
4525
95
2282
4531
4535
4537
8410
4540
4541
4542
4543
4544
4545
4546
4547
4548
4549
4550
4551
4552
4553
4554
4555
4556
4558
4559
4560
4561
4562
4563
4574
4577
4578
4579
4580
4582
4586
4589
4590
4591
4597
8057
8094
8109
8133
8492
8534
8746
8861
8866
8867
9393
10560
10562
10856
10917
10921
10963
10964
10992
11117
11119
11313
11314
11315
11409
11645
11686
11711
11802
11857
12068
12081
12151
12155
12160
12177
12288
12343
12434
12459
12561
12649
12651
12741
12756
12823
12824
12994
13016
13029
13032
13172
13508
13522
13647
13653
13670
13705
13884
13902
13903
14297
14316
14493
14600
14667
14698
14848
14887
14894
14898
14944
15019
15483
15497
15499
15771
15775
15835
15837
15852
15860
15868
15869
16020
16501
16778
16779
16849
17070
17703
17704
18144
18191
18266
18267
18268
18269
18270
18288
18304
18720
18745
18813
18854
18859
18946
19232
19233
19259
19362
19363
19621
19763
19895
20028
20029
20060
20213
20276
20331
20408
20409
21567
21568
21783
21784
21785
21998
22014
463
4598
4602
4603
4604
5753
12290
16401
432
758
923
954
1066
1156
1157
1304
1522
2659
2662
2663
2664
2665
2666
2712
3271
3380
3419
3421
3497
4606
4609
4613
4614
4615
4616
4617
4619
4620
4622
4623
4624
4625
4626
4627
4628
4629
4630
4631
4632
4633
4634
4635
4636
4638
4639
4640
4641
4642
4644
4649
4651
4652
4655
4656
4657
4658
4660
4661
4662
4663
4664
4668
4671
4680
4681
4683
4684
4685
4687
4688
4689
4690
4691
4692
4693
4730
5821
7095
7320
7579
8074
8080
8104
8157
8179
8292
8545
8577
8578
8863
9658
10780
10781
10920
10993
11285
11928
11937
12044
12101
12289
12344
12414
12738
13472
13579
13805
13947
13992
13993
14288
14301
14609
14614
14815
15203
15204
15205
15263
15504
15506
15828
15831
15838
15839
15881
15895
15896
15897
16553
17337
17823
18602
18940
19131
20072
20107
20791
20804
20805
20815
20816
20817
20818
20819
21786
21787
21788
21789
21790
21895
22831
751
1015
1161
1169
1484
1533
1817
1818
1869
2102
2103
2104
2105
2238
2411
2894
3387
4694
4695
4696
4697
4698
4700
4702
4706
4707
4708
4709
4710
4711
4712
4713
4717
8088
4723
4724
4725
4726
4727
4731
4733
4736
5820
8105
8283
8304
8530
8742
10212
11413
12200
12243
12496
12555
12617
12623
12625
13529
13888
14331
14787
15827
15829
15969
18606
19930
21791
2438
3229
3487
4738
4739
4740
4741
4742
4743
4745
4746
4748
4751
4753
4754
4755
4756
4757
4760
4761
4762
4764
4769
4770
5817
5891
8106
8235
8239
8240
8242
8749
10454
11410
11472
11661
11673
12004
12096
12846
13232
13877
14706
15304
15306
15353
15515
16421
16548
16935
18173
808
4773
4774
4776
4777
4779
4781
4782
4783
4784
4785
4786
4788
4789
4790
4791
4793
4796
4797
4801
4803
4804
4805
4806
6086
8725
9047
11786
13704
13898
14926
16000
16006
16228
16768
17353
20551
22006
2699
4809
4811
4812
4814
4815
4816
4817
4818
4819
4820
4822
4825
4826
4827
4828
4829
4830
4831
4832
4833
4834
4835
4836
4837
4838
4840
4842
4843
4844
4846
4847
4850
12450
12453
12888
13603
14094
14722
14978
15009
15021
15367
15624
15625
15626
15627
16750
17257
17391
17442
17443
18757
19870
19942
19976
21792
655
659
1912
2652
4851
11668
12001
12223
12227
13176
15552
16272
4852
2583
13845
14578
14595
16009
887
889
3307
10502
4859
4874
8783
8785
11420
11500
11838
11890
11916
12000
12156
14829
14830
15813
15821
15822
16454
16456
16785
16788
16789
18129
18396
888
1525
4888
4897
4902
4903
7030
9030
12271
12624
13621
15741
17456
917
970
1306
3366
4906
4907
4908
4909
4910
4911
4912
4913
4914
4915
4916
4917
4919
4920
4921
4922
4924
4925
4926
4927
4928
2937
4930
4932
4934
4935
4936
4937
4938
4939
4940
4941
4944
4945
4946
4947
4948
4949
4950
4951
4952
4953
4954
4955
4956
4957
4958
4959
4960
4961
4963
4964
4965
4970
8396
11844
12043
12481
12486
12495
12497
12534
12580
12992
13518
13588
14626
14681
15700
15891
18058
757
4971
4972
4973
4976
4977
4978
4980
4981
4982
4984
4985
10940
10942
11942
12354
13802
14800
14802
14939
15487
15612
15976
16135
17431
20009
433
435
600
652
709
2557
2673
2763
2897
3014
3034
3049
3083
3312
4986
4993
5001
5002
5008
5009
5010
16463
16659
21797
5019
5020
5021
5022
5023
5024
5025
5027
5028
5031
1424
5034
5035
5036
5038
5040
5042
5044
5045
5046
5048
5049
5050
5051
5053
5054
5055
5056
5058
5059
5060
5062
5064
5066
5067
5557
7960
8524
10521
10585
11660
11919
12136
12303
12435
12670
13796
14096
14356
14404
14408
14517
14571
14640
14718
14915
15551
15989
16003
16687
16826
17464
18000
18123
18770
18771
18775
18866
18902
19991
591
700
1454
1456
2918
5806
6185
6579
7326
7952
7954
7958
7961
7962
7963
7964
7965
7967
7968
12458
13723
14610
14646
14961
15844
16245
16327
16666
16716
17119
17378
17396
18517
21872
610
885
1016
1133
1216
1950
2222
2223
2224
2416
2543
2594
2610
2800
2813
5072
5073
5074
5075
5076
5078
5079
5080
5081
5083
5084
5085
5086
5087
5088
5089
5094
5095
5096
897
5106
5107
5109
5110
5115
5116
5117
5118
5119
5120
5121
5122
5123
5124
5128
5129
5130
5131
5132
5134
5135
5138
5139
5140
5142
5143
5145
5146
5147
5148
5149
5150
11125
11900
13465
13767
14332
14910
15804
15807
15826
15848
15900
18082
18083
18084
18548
18614
21795
21798
2413
3633
5153
5154
5155
5156
5157
5160
5161
5162
5165
5167
5169
5170
5173
5174
5175
9600
12323
14298
14435
15668
222
701
1022
1258
1259
2592
5177
5178
5179
5181
5182
5183
5184
5185
5186
5187
5188
5189
5190
5191
5192
5194
5195
5196
5197
5198
5200
5201
5202
5203
5204
5205
5206
5207
5208
11359
11360
12438
12444
12765
14591
14695
14945
16556
16923
16924
17372
18231
21511
21799
21896
1204
5210
5213
5214
11958
5217
5218
5219
5221
9631
11515
15357
15405
15793
16309
16782
19345
2713
2755
2786
2916
5222
5224
5225
5226
5227
5228
5229
5230
5234
5235
5236
5237
5238
5243
5244
5250
5253
5257
5258
11834
11845
12304
13731
14423
14552
14888
16404
18637
18638
18639
18640
18641
21800
615
1928
5263
5264
5266
5269
5270
5275
5276
5277
5278
5279
5280
5281
5282
5283
5284
5285
5287
5288
5289
5293
5294
5295
8000
13228
13229
13242
5300
5302
5303
5304
5305
5306
5307
8493
13932
14036
14370
14588
14707
14731
15008
15978
15991
20014
21801
1453
1674
5310
5311
5312
5313
5314
5315
5316
5317
5320
5321
5322
5323
5324
5325
5327
5330
5332
5334
5335
5337
5338
5339
5342
5343
5344
5345
5348
5349
5351
5352
5353
5354
5355
8165
9637
11083
11129
11278
12188
12758
13252
13312
14085
14317
14318
14320
14675
14911
15010
15020
15060
15318
15339
15843
15982
16059
16652
16728
17355
17395
17883
17898
17918
19837
20779
21802
21803
21804
21805
21806
21807
5360
12309
13550
13639
14865
14866
1314
8219
14518
14947
15810
15871
16042
460
702
819
933
1291
3243
5800
5848
6440
6532
6578
6674
7404
7428
7671
7971
7972
7973
7974
7975
7976
7977
7980
7981
7982
7983
7984
7985
7987
7988
7990
7992
7996
7999
8001
8002
8003
8004
8007
8008
8009
8326
9625
11883
12650
12807
12841
13955
14429
15491
15492
15548
15549
17561
17896
17897
17990
20180
21873
1532
5364
5365
5368
5369
5371
5372
5375
5377
5378
5379
5380
5381
5382
5383
5384
5385
5386
5387
5388
5391
8756
12141
13218
14506
14555
15970
21809
1110
1518
2298
5392
5393
5394
5397
5398
5401
5402
5403
5404
5405
5406
5407
5408
5409
5410
5416
5417
5418
5419
5420
5422
5426
11679
13044
13593
13649
13652
13656
13667
13671
13675
13738
14376
15580
15581
18624
20451
20470
20488
20489
20546
20677
20678
20679
21152
21810
23546
3313
3346
461
2510
3343
5435
5439
5444
17133
578
1369
1478
2463
2723
3046
5460
5464
5474
5483
11880
12455
14462
14897
15577
16990
20026
636
1298
1514
2794
2796
5500
5503
5504
5505
5507
5508
5509
5510
5511
5512
5513
5517
10589
10875
11344
11921
12820
14538
13768
19827
19828
21549
21550
21551
21813
505
624
742
1082
1138
1147
1171
1493
1558
2240
2706
3381
3418
5521
5522
5523
5524
5525
5527
5528
5529
5530
5539
18057
5543
5544
5545
5546
5547
5550
5551
5552
5556
5558
5560
5561
5562
5563
5564
5565
5566
5567
5568
5569
5571
5572
5574
5579
5580
5581
5582
5583
5584
5586
16679
16671
5593
5595
5596
5597
5598
5599
5600
5601
5602
5603
5604
5607
5608
5610
5611
5613
5614
5615
5617
5618
5619
5620
5621
5623
5624
5625
5626
5627
5628
5629
5631
5632
5636
5638
5639
5640
5641
5642
5651
5654
5655
5658
5659
5660
5661
5662
5663
5664
5665
5666
5667
8098
8244
8306
8307
8311
8379
8570
9559
9651
10749
11161
11503
11951
12099
12231
12267
12268
12286
12350
12374
12381
12382
12463
12527
12593
13005
13006
13175
13177
13178
13179
13476
13766
13994
14509
14703
16342
16672
16677
17080
17086
17282
17929
17930
17931
18004
18005
18006
18059
18061
18136
18516
18731
18798
18891
19086
19087
19088
19089
19090
19091
19092
19135
19136
20186
20187
20189
20195
20278
20601
21814
1439
2772
5670
5671
5672
5673
5675
5677
5680
5682
5683
5685
5686
5687
5688
5689
5690
5691
5692
5693
5695
5696
5698
5699
5700
5701
5702
5703
5704
5705
5706
5709
5710
5711
5712
5713
5718
5719
5720
5721
5722
5723
5724
5725
5726
5728
5729
5731
5733
5734
5735
5736
5738
5741
5744
7267
21897
8827
9076
10823
11333
12599
12887
13010
13014
14079
14514
14593
15628
15632
15669
15795
15796
15903
18066
18234
18235
18485
19638
20058
20797
21815
21816
21817
21818
21819
21820
21821
21993
1053
5747
5749
5750
12523
14430
488
934
1479
1497
1502
1707
1934
1976
2122
2141
2328
2330
5756
5758
14173
5760
5762
5763
5764
5767
5768
5769
5770
5772
5773
5774
5775
5776
5777
5779
5784
5791
5792
5793
5794
2502
11992
12671
12754
12802
13231
14501
16520
16658
16662
17855
17856
18698
18711
21823
21907
6035
13764
14382
14477
14963
14981
15573
15575
21994
5803
6613
13534
962
1524
5810
5811
5812
5813
5814
14676
2119
2710
2742
5815
5816
5818
5819
5822
5823
5824
5825
5826
5827
5828
5829
5830
5831
5833
5835
5836
5837
5838
5839
5840
5841
5842
5843
5844
5845
5847
7706
8103
10840
12558
21824
1361
2454
5851
5852
5853
21097
2036
2096
2192
2906
5866
5867
5868
5869
5871
5872
5873
5874
5875
5876
5877
5878
5879
5880
5881
5885
5887
5888
5889
5892
5893
5894
5895
5896
5897
5898
5900
5901
5902
5903
5904
5905
7060
11385
11389
11390
11391
11392
11393
14377
14924
14925
15369
15388
15389
15467
15572
15629
15716
15717
16018
16102
17449
18594
20319
1492
2925
5906
5907
5908
5909
5910
5913
12609
15354
1318
5915
5916
5917
5918
5919
5920
5921
5922
5923
5924
5926
5927
5928
5931
5932
5933
5935
8114
8770
8771
12535
12536
12545
16004
2559
2595
3150
5939
5941
5956
5959
5963
5966
7107
11812
12052
12488
12764
16468
18086
18811
20701
1519
2253
3269
6786
6964
7243
8232
9848
11671
12451
12801
13739
1008
5972
5973
5975
5976
12806
13755
14322
14438
14456
14779
816
2480
2744
2987
14543
15056
15569
16521
17373
20162
22008
2473
6005
6006
6008
6009
6010
6011
6012
6014
6015
6016
6017
6018
6019
6020
6021
14540
14585
14940
15574
16239
17393
20022
6128
9783
14929
1327
2766
2767
6022
19883
6024
6027
6030
6034
6037
6038
6039
9788
11797
13573
13803
14302
14503
14630
15514
15981
764
3281
6067
6083
16517
16518
6159
6171
8059
8400
9612
12448
13798
14337
14469
14633
14642
15994
16033
17404
21183
22018
1054
1114
3655
6190
6191
6195
6196
6198
6199
6200
6201
6202
6203
6204
6205
6207
6210
6211
6212
6214
6215
6216
6218
6219
6220
6221
10928
10929
11832
12332
12469
12505
13266
13618
13620
13811
13812
14105
14418
14496
14497
14586
14596
14713
14773
15321
15701
15886
15898
18107
19543
20786
20893
6162
6186
6375
10411
12406
14583
15780
22019
178
1219
3416
6253
6256
6257
6259
6261
6262
6264
6265
6267
6269
6270
6271
6272
6273
6276
6277
6278
6279
6280
6281
6282
6283
6287
10422
13847
14705
14954
15244
15335
16040
16719
20444
20445
21576
6288
6294
886
2947
6329
6330
6332
6334
6335
6336
6338
6339
6340
6341
6342
6343
6347
6348
6350
6351
6353
6355
6357
6359
6360
6362
6363
6935
11950
12394
12596
12862
13233
16363
21144
6365
6366
6367
6369
6370
6371
6372
6373
6374
6377
6378
6379
9552
10529
13871
14799
14955
15565
16933
6575
7012
7822
579
1130
1228
1529
1857
1858
1859
2441
3108
3202
6380
6381
6382
6383
6384
6385
6386
6387
6388
6389
6390
6391
6392
6394
6395
6396
6397
6398
6400
6401
6402
6403
6404
6406
6408
6412
6413
6414
6415
6416
6417
6418
6419
6420
6421
6422
6423
6424
6426
6427
6429
11644
11947
12699
13592
13785
14452
14678
15636
15690
15691
15692
16460
16476
22017
23577
11710
6432
6434
6435
6436
6437
6439
6441
12411
12413
16882
571
756
1105
1201
1233
1475
2896
2901
2902
2996
2997
3038
6442
6443
6448
6449
6452
6454
6455
6458
11886
12327
12333
12597
14161
21832
1214
3192
6460
6462
6463
6464
6465
6466
6467
6468
6469
6470
6472
6473
6474
6478
6479
6480
6481
6483
6484
6485
6486
6487
6489
6490
6491
6492
6493
8280
10551
11862
12291
13954
17375
18106
21442
21833
623
6509
10670
11775
11793
12218
12221
12255
12308
12401
12519
13654
17862
8011
8013
8015
8017
12520
16896
18200
18370
18371
821
1274
1960
6543
6544
2563
6546
6547
6548
6550
6551
6552
6554
6555
6558
6560
6561
6562
6563
6564
8700
12236
18062
2738
6567
6568
6569
6570
6572
6573
6574
6576
6577
6580
6581
6586
6587
12210
12557
14195
14561
15703
17406
18781
21835
21836
21837
450
451
452
827
2001
2183
2600
2930
3031
6594
6595
6596
6598
6599
6601
6605
6607
6608
6609
6610
6611
6612
6616
6617
6618
6619
6620
6621
6622
6624
6625
6626
6628
6629
6630
6632
6635
6636
6637
6638
6639
6640
6641
6642
6643
6644
6645
6646
6647
6648
6649
6650
6651
6653
6656
6657
8053
8204
8339
8366
10555
10681
10696
11488
11490
11936
11994
12069
12748
13539
14700
14960
15089
15571
15673
16001
16057
18046
18049
18276
18282
18283
20509
21838
21839
6662
6663
21840
521
523
682
1283
2256
2353
2586
6665
6666
6667
6668
6673
12321
6677
6678
6679
6680
6681
6682
6683
6684
6685
6686
6687
6688
6689
6690
6691
6692
8124
8864
11858
11949
11984
12048
12540
17223
567
895
7162
7168
7307
6696
6697
6698
6699
6701
6702
6703
6704
6706
11527
1372
1596
1597
2436
6710
6713
6714
12403
15540
16341
16567
16568
22028
2765
13548
16592
2911
6716
6717
6718
10582
663
1205
7539
8020
8021
8022
8024
8029
8030
8031
8032
8033
8034
8342
13648
13779
15161
15162
16499
16500
17108
19931
21859
21874
734
1649
2533
2534
3274
6719
6720
6722
6723
6724
6725
6726
6727
6729
6730
6731
6732
6733
6734
6735
6736
6737
6738
6739
17105
6742
6743
11120
11121
11174
11300
12579
12999
13001
14062
14912
15604
16774
18739
18744
18818
18819
18822
18824
18939
18948
19038
19261
19262
19263
19418
19419
20880
362
781
1230
2120
2129
2166
2167
2169
2535
2946
2952
21642
6745
6746
6747
6749
6751
6752
6753
6754
6756
6757
6759
6761
6764
6766
6767
6772
6773
6774
6775
6779
6780
6782
6783
6784
6787
6788
6791
6792
6800
6802
6804
6805
6806
6810
6811
6812
6813
6814
6815
8223
10567
11547
11750
13096
16431
17132
17927
18717
18726
18735
18736
18737
18740
18741
18742
18743
18810
18814
18820
18938
18942
20711
21842
21843
21847
2538
2539
6818
6819
6820
6821
6822
6823
6824
6825
6826
6827
6828
6829
6830
6831
6832
6835
12312
13659
13676
16889
20498
21848
1495
3688
8035
8036
8037
8038
8039
8040
8041
8043
2339
2468
2584
2585
17126
6839
6844
6845
6846
6848
6849
6850
6851
6854
6855
6856
6857
6859
6862
6863
6864
6865
6870
8479
8525
8526
10858
11030
12672
12803
13865
14827
15350
17998
18609
18712
18724
18950
21849
21850
21851
1927
12037
6898
6899
21211
1866
2423
3215
3342
6900
6902
6903
6905
6906
14826
6908
6909
6913
6915
6917
6920
6921
6922
6924
6925
6926
6927
6929
6930
6932
6933
6938
6939
6940
6941
6942
6943
6944
6945
6947
6948
6949
6950
6951
6952
8081
13708
14575
14576
14864
15346
15482
15498
15587
15590
15592
16229
16247
17458
17459
17544
19277
21406
21407
22020
23347
6954
6955
6956
6957
6958
6959
6960
6961
6962
6963
6967
10568
10898
17716
18789
18808
20499
20500
6968
6969
6970
6972
2799
6973
6974
6975
6976
6977
6979
6980
6982
6983
6990
6991
6993
6994
6997
6998
6999
7000
7002
7003
7005
7006
7007
7008
7009
7011
7013
7014
7015
7016
8085
11689
13521
15309
15413
15940
16368
16707
17248
17453
18095
20161
21853
22015
1028
1367
4329
4333
7038
7044
8175
8320
12498
14439
20089
7052
7053
6183
7054
7056
7058
13277
21855
7803
8296
1062
1352
1400
1611
12370
12638
13273
15889
680
2455
2456
7061
7062
7063
7064
14321
14594
369
694
695
770
1196
2126
2163
2241
2893
3050
3224
6234
7066
7067
7068
7069
7073
7074
7075
7076
7077
7078
7079
7081
7083
7084
7086
7087
7088
7089
7090
7091
7092
7093
7098
7099
7100
7101
7103
7104
7105
7106
7108
7109
7111
7112
7113
7114
7117
7118
7119
7120
7121
7122
7123
7124
7125
7126
7127
7128
7129
7130
7131
7132
7133
7134
7135
7136
7137
7140
7141
7142
7143
7145
7146
7148
7150
7151
7152
7153
7154
7156
7157
7158
8282
8308
9366
10862
10919
11288
11784
12195
12503
12506
12507
12547
12655
12724
12725
12767
12796
13464
13641
13787
13883
14362
14375
14491
14511
14611
16026
16027
17316
17322
17436
17944
18916
19324
21856
21857
22016
495
497
786
1491
1996
7159
7160
7161
7163
7164
7165
7166
7167
7171
7172
7173
7179
7180
7182
11266
11479
12598
13446
13448
15916
16526
18449
588
595
668
1029
1390
2059
2060
2729
3051
7184
7185
7186
7188
7189
7190
7193
7194
7195
7196
7197
7198
7199
7200
7201
7204
7205
7206
7207
7208
7209
7211
7216
7217
7219
7220
7221
7222
7224
7225
7226
7229
7230
7231
7235
8435
10565
12010
12440
12819
16748
17354
20431
21858
952
1113
7236
7237
7240
7242
7244
7245
7246
7247
7248
7249
7250
7251
7252
8230
8243
8542
8816
11115
11193
12721
13581
14721
1362
7256
7258
7262
7263
7266
7268
7269
7270
7271
7272
7273
7274
7275
7276
7277
7280
7283
7284
7287
7292
7295
7296
7297
12528
12818
13912
14524
14650
15004
21860
430
7301
7302
7304
7305
7306
7308
7309
7312
7313
7314
7315
7414
12334
16279
6175
7316
7321
7324
7325
7327
7330
7331
7332
7333
9569
20233
21861
2430
366
367
561
628
1319
1354
3361
7339
7340
7345
7346
7347
7348
7349
7350
7352
7353
7354
7355
7356
7357
7358
7359
7360
7361
7362
7363
7364
7365
7366
7367
7368
7370
7374
7375
8515
8516
10980
11924
12491
12687
12722
12733
12821
16400
18016
18017
18065
19009
19010
19011
19012
19013
19014
19016
19017
19018
19019
19020
19021
19093
19094
19097
19098
19132
19133
21170
904
1944
2259
2914
7376
7377
7383
7386
7387
7389
7390
7391
7392
7393
7394
7395
7396
7398
7399
7400
7401
7402
7405
7406
7407
7408
7409
7410
7411
7412
11861
12971
15496
16287
16289
16767
18499
1344
7415
7417
7420
7421
7423
7425
7427
7429
7433
7436
10419
12191
13097
21255
1425
1819
7439
7440
7441
7442
7443
7444
7445
7446
7447
7448
7449
17009
17871
22026
2218
2219
7450
7451
7452
7454
7455
7456
7458
7459
7461
7462
14312
16116
16784
17830
20168
21862
22003
1521
1657
7472
7474
7475
7476
7477
7478
15470
2927
12685
15859
2528
7496
13922
937
7498
7499
7500
480
635
921
7503
7507
7510
408
415
2285
2286
2497
409
410
414
413
13141
13142
15769
17147
20528
78
405
896
936
1404
1451
1501
2919
3214
3485
7614
7615
7616
7617
7618
7619
7620
7623
7630
7631
7632
7634
7639
7642
7643
7644
7647
7648
7649
21501
7651
7652
7653
7654
7655
7656
7657
7658
7660
7661
7662
7663
7664
7665
7666
7667
7668
7670
7672
7673
7674
7675
7676
7677
7678
7679
7680
7681
7682
7686
7688
7689
7690
7691
7692
7695
7698
7701
7702
7704
7707
7708
8422
10561
12006
12219
12500
12643
12952
13437
14775
14819
15356
15665
15877
16473
16637
16989
17103
17156
17705
18286
18451
18452
20356
20357
20358
20411
21018
21046
21237
1073
1523
1886
1889
1890
1895
1897
1899
2289
2743
7709
7710
7711
7712
7713
7714
7715
7716
7717
7718
7720
7722
7723
7725
7726
7727
7728
7730
7731
7732
7733
7734
7736
7738
7739
7740
7741
7742
7743
7744
7745
7746
7748
7749
7750
7751
7752
7753
7754
7755
7756
7758
7761
7766
7767
7768
7770
7773
7774
7776
7777
7778
7779
7780
7781
7782
7783
7784
7785
7786
7787
7788
7789
7790
7791
7793
7794
7795
7797
7798
7800
7805
7808
7809
7810
7811
7814
7816
7817
7819
7820
7823
7825
7826
7827
7828
7829
7830
7831
7832
7833
7834
7836
8327
8532
9847
11706
11707
11864
12391
13260
14081
14082
14083
14360
15234
15657
15711
15755
15756
16050
16058
16611
17441
18497
18653
18655
18656
18657
18827
20353
20354
20355
20983
20984
20985
22013
22022
16880
18078
22062
2378
6225
6226
6227
6228
6229
6230
6231
6232
6235
6236
6237
6238
6239
6240
6241
6242
6243
6244
6245
8873
8874
12859
13383
20531
4280
364
379
380
422
439
442
444
491
500
522
549
586
626
653
679
690
771
783
869
938
961
1030
1055
1056
1057
1096
1264
1299
1308
1350
1490
18240
21325
16467
20271
1573
1609
1615
19482
19607
1947
1970
2116
2150
2170
2176
2188
2216
2226
2262
2303
2398
2420
2433
2445
2462
2573
2574
2575
2619
2620
2631
2641
2644
2651
2678
2688
2709
2746
2751
2789
2804
2830
2935
2972
2984
2985
3422
3451
6307
8086
8310
8369
8395
8603
8709
8710
8739
8825
8844
10511
10524
10636
10750
10758
10763
10795
10796
10797
10893
10923
10924
10976
10988
10995
11151
11164
11171
11204
11267
11289
11290
11305
11332
11398
11447
11448
11449
11450
11474
11597
11599
11600
11601
11602
11604
11606
11667
11677
11692
11808
11809
11825
11841
11842
11856
11876
11905
11972
12039
12047
12058
12092
12095
12106
12121
12127
12146
12150
12229
12230
12239
12242
12247
12249
12252
12254
12266
12278
12284
12287
12296
12297
12301
12341
12348
12387
12405
12417
12419
12423
12428
12473
12551
12694
12720
12774
12808
12809
12840
12966
12997
13256
13261
13275
13276
13520
13532
13533
13569
13575
13587
13638
13655
13658
13668
13697
13717
13770
13776
13777
13848
13851
13852
13860
13904
13942
13967
14027
14308
14352
14353
14354
14460
14470
14471
14525
14545
14644
14725
14727
14930
14937
14938
14958
14959
14977
15061
15062
15149
15150
15198
15233
15312
15355
15377
15382
15383
15384
15390
15458
15459
15460
15511
15517
15578
15579
15611
15676
15785
15818
15819
15820
15836
15840
15841
15853
15857
15858
15862
15865
15866
15888
15899
15971
15980
15986
15990
16015
16025
16086
16126
16127
16273
16343
16346
16364
16370
16371
16372
16373
16380
16395
16410
16417
16450
16452
16461
16484
16488
16489
16493
16509
16513
16527
16543
16626
16676
16693
16771
16786
16802
16804
16806
16825
16885
16895
16901
17084
17085
17109
17110
17120
17127
17134
17140
17141
17145
17148
17154
17163
17181
17200
17206
17215
17299
17307
17317
17326
17329
17342
17343
17344
17345
17361
17362
17432
17444
17652
17656
17657
17679
17700
17760
17764
17771
17786
17842
17969
17987
17991
17992
18072
18178
18181
18192
18193
18196
18202
18203
18206
18212
18241
18244
18287
18313
18323
18325
18373
18414
18415
18416
18436
18441
18442
18443
18518
18520
18604
18635
18642
18643
18792
18850
18851
18858
18873
18890
18895
18898
18909
18915
18927
18994
19042
19047
19049
19095
19114
19127
19199
19244
19273
19279
19356
19466
19570
19600
19601
19604
19616
19620
19640
19814
19877
20033
20070
20078
20127
20238
20241
20250
20251
20252
20316
20318
20345
20365
20441
20459
20540
20568
20570
20630
20635
20684
20722
20832
20833
21020
21147
21238
21239
21279
21280
21288
21306
21346
21361
21425
21527
22021
19844
4326
4327
4328
4331
4332
4334
21074
1371
2938
2939
5265
5268
5271
5272
5273
8055
12583
16663
19987
20371
21478
6040
6041
6042
6043
6045
6046
6052
6054
6055
6056
6058
6061
6063
6065
6066
8174
13584
13937
21991
855
968
6134
6135
6136
6137
6140
6141
6142
6144
6145
6146
6147
6148
6149
6150
6151
6152
6155
6161
6163
6164
6165
6166
6167
6168
6169
6170
6173
6176
6177
6180
6181
6182
6184
8150
8182
8865
10504
10961
13615
13624
14923
15734
16005
16225
16379
18690
19948
1311
2117
6300
6301
6302
6304
6305
6306
6315
6316
6317
6318
6319
6320
6322
6323
6326
11303
11310
11798
11960
12016
15979
18662
20091
21831
6514
6517
6518
6519
6526
6528
6529
6537
6539
6540
6541
6542
11790
494
496
4266
4268
4270
4271
4272
4273
4275
4276
4277
4278
4279
8299
11931
15833
547
976
992
1351
1353
2653
3526
3527
3528
3529
3530
3531
3532
3533
3534
3535
3536
3537
3538
3539
3541
3545
3548
3549
3552
3553
3554
3557
3558
3561
3562
3563
3564
3574
3577
3579
3580
3581
3584
3585
3586
3587
3588
3589
3590
3593
3594
3595
3597
3600
3601
3602
3603
3604
3618
3619
3623
3628
3634
3635
3638
3639
3640
3641
3643
3644
3645
3647
3648
3649
3650
3652
3656
3658
3661
3662
3663
3664
3665
3666
3667
3668
3670
3671
3672
3674
3675
3677
3678
3679
3680
21641
3686
3690
3691
3692
3695
3697
3698
3699
3700
3701
3702
3703
3704
3705
3706
3707
3708
3709
3710
3711
3712
3713
3717
3719
3720
3721
3722
3724
3725
3727
8047
8313
8543
8548
8556
9642
10709
10718
11217
11224
11228
11639
11927
11995
12744
12816
13483
16047
17902
17947
19066
19067
19068
19357
19489
19490
20341
20515
20710
21333
21334
21772
363
365
368
370
373
377
378
383
384
385
387
388
389
390
391
392
393
400
401
402
403
404
406
411
412
417
420
421
431
441
443
462
467
468
472
476
478
479
481
492
493
502
501
503
504
507
508
509
510
511
513
516
524
533
535
536
542
544
546
548
551
552
553
554
560
562
568
572
576
580
583
584
587
594
597
598
599
617
620
621
622
627
637
647
649
651
654
656
660
664
665
667
671
672
673
674
675
684
685
686
692
703
705
712
714
715
717
719
721
722
723
724
728
729
730
732
733
740
743
773
785
789
801
802
807
813
814
824
825
828
835
839
863
865
876
878
891
894
900
901
902
903
915
926
927
928
929
942
943
951
967
972
974
975
979
980
981
982
988
989
991
994
995
996
997
1001
1002
1006
1009
1010
1011
1019
1024
1025
1026
1027
1031
1032
1033
1034
1035
1036
1038
1039
1040
1041
1042
1045
1047
1060
1065
1067
1068
1069
1070
1071
1072
1074
1075
1077
1078
1087
1090
1093
1095
1098
1100
1101
1102
1116
1117
1119
1129
1142
1143
1149
1150
1151
1152
1153
1154
1159
1162
1175
1177
1179
1188
1195
1207
1208
1209
1213
1246
1255
1260
1261
1262
1263
1266
1269
1270
1272
1275
1276
1281
1282
1284
1285
1286
1289
1292
1296
1297
1300
1309
1313
1321
1322
1323
1341
1343
1345
1348
1349
1373
1374
1375
1380
1387
1388
1393
1395
1900
1901
1902
1903
1904
1905
1906
1921
1925
1926
1929
1933
1937
1941
1942
1943
1945
1954
1955
1956
1957
1958
1959
1971
1974
1988
1990
1991
1993
1999
2002
2004
2005
2006
2007
2015
2016
2017
2022
2025
2026
2027
2028
2031
2033
2034
2035
2040
2041
2042
2043
2044
2045
2054
2055
2056
2063
2064
2065
2067
2068
2074
2077
2078
2088
2093
2094
2095
2098
2099
2108
2109
2110
2111
2113
2114
2115
2123
2125
2127
2134
2135
2136
2137
2138
2139
2140
2143
2145
2147
2148
2152
2157
2159
2160
2161
2162
2173
2175
2182
2184
2185
2187
2189
2191
2194
2195
2196
2197
2198
2217
2232
2233
2235
2244
2246
2248
2252
2254
2255
2260
2263
2264
2268
2270
2271
2273
2276
2277
2278
2283
2290
2291
2292
2294
2295
2299
2302
2304
2316
2318
2320
2332
2340
2341
2342
2348
2354
2355
2365
2367
2368
2369
2371
2372
2373
2374
2375
2376
2380
2381
2382
2383
2385
2391
2393
2406
2407
2408
2409
2410
2418
2419
2425
2439
2446
2453
2457
2459
2461
2466
2467
2472
2476
2477
2478
2479
2489
2493
2494
2496
2503
2506
2507
2512
2516
2520
2524
2525
2526
2537
2540
2545
2546
2549
2550
2551
2552
2553
2554
2560
2569
2570
2578
2581
2587
2588
2591
2617
2624
2625
2638
2643
2650
2654
2655
2656
2657
2660
2661
2669
2670
2672
2674
2681
2684
2687
2689
2690
2691
2692
2693
2694
2695
2696
2697
2698
2705
2724
2726
2730
2734
2735
2747
2761
2764
2768
2781
2782
2783
2784
2803
2805
2810
2811
2812
2814
2819
2827
2831
2832
2833
2834
2835
2837
2838
2839
2840
2841
2843
2846
2847
2849
2850
2855
2856
2857
2859
2867
2871
2872
2873
2874
2875
2876
2877
2879
2882
2883
2884
2885
2886
2887
2888
2889
2892
2899
2907
2912
2920
2921
2924
2926
2929
2934
2940
2948
2950
2958
2959
2960
2961
2962
2963
2964
2967
2968
2969
2970
2971
2973
2974
2975
2976
2977
2978
2979
2980
2981
2982
2983
2986
2988
2989
2991
2992
2993
2995
2998
3002
3005
3006
3012
3013
3015
3018
3019
3020
3022
3033
3036
3037
3042
3053
3054
3060
3062
3063
3068
3069
3070
3071
3072
3073
3074
3075
3076
3077
3078
3081
3082
3084
3085
3087
3089
3091
3097
3102
3107
3109
3110
3111
3113
3116
3120
3121
3122
3123
3124
3125
3126
3127
3128
3129
3130
3131
3132
3133
3134
3138
3139
3140
3144
3147
3148
3151
3152
3155
3156
3157
3158
3164
3166
3175
3187
3188
3199
3203
3204
3205
3210
3219
3221
3223
3228
3230
3236
3238
3240
3244
3245
3247
3252
3258
3259
3261
3262
3263
3264
3265
3266
3270
3287
3288
3296
3297
3298
3302
3306
3310
3311
3314
3316
3320
3321
3322
3323
3324
3325
3326
3327
3328
3329
3330
3331
3332
3341
3347
3351
9964
3354
3356
3357
3363
3365
3367
3369
3370
3372
3376
3377
3378
3382
3385
3386
3392
3398
3403
3406
3410
3411
3413
3414
3420
3427
3429
3432
3435
3438
3439
3441
3442
3443
3446
3448
3452
3454
3455
3460
3461
3465
3475
3476
3482
3493
3494
3496
3498
3499
3501
8044
8048
8050
8051
8058
8062
8068
8071
8078
8087
8089
8097
8099
8100
8101
8102
8107
8113
8116
8120
8129
8131
8135
8137
8142
8143
8144
8145
8147
8154
8155
8159
8161
8166
8168
8169
8173
8177
8181
8188
8193
8195
8198
8199
8201
8210
8217
8220
8221
8222
8224
8227
8228
8234
8246
8248
8249
8259
8267
8275
8285
8312
8316
8319
8321
8325
8337
8350
8352
8354
8355
8356
8359
8363
8364
8365
8371
8373
8375
8378
8380
8381
8384
8385
8388
8389
8413
8416
8418
8423
8429
8432
8433
8436
8437
8439
8445
8446
8449
8450
8489
8490
8494
8496
8497
8498
8499
8504
8508
8509
8510
8511
8521
8540
8547
8559
8561
8562
8563
8566
8567
8568
8569
8571
8572
8573
8574
8575
8580
8581
8584
8585
8586
8587
8591
8592
8599
8600
8605
8613
8614
8616
8617
8618
8619
8621
8622
8627
8628
8629
8630
8631
8632
8633
8634
8635
8636
8637
8638
8639
8640
8641
8642
8646
8647
8648
8649
8651
8652
8653
8654
8660
8663
8664
8665
8666
8667
8668
8674
8675
8678
8682
8683
8685
8687
8688
8689
8690
8691
8692
8693
8694
8696
8698
8707
8711
8712
8713
8714
8715
8716
8718
8719
8722
8723
8726
8738
8741
8744
8747
8752
8761
8762
8763
8764
8767
8772
8773
8775
8777
8778
8781
8791
8792
8796
8798
8799
8802
8805
8807
8808
8809
8810
8821
8826
8832
8834
8836
8837
8838
8839
8840
8841
8842
8843
8845
8847
8849
8850
8870
8878
8879
8880
10507
10512
10517
10518
10519
10522
10523
10525
10526
10528
10531
10540
10544
10552
10553
10556
10563
10569
10572
10573
10574
10576
10586
10592
10600
10605
10606
10607
10610
10611
10612
10613
10614
10615
10616
10617
10618
10619
10620
10625
10626
10627
10628
10631
10632
10633
10634
10635
10637
10638
10639
10640
10646
10647
10648
10651
10653
10657
10658
10659
10660
10668
10676
10683
10690
10691
10694
10697
10705
10706
10707
10708
10710
10711
10712
10713
10714
10715
10716
10717
10719
10720
10721
10724
10726
10727
10728
10729
10730
10731
10736
10755
10756
10765
10766
10768
10769
10771
10775
10776
10777
10778
10782
10787
10788
10789
10790
10791
10792
10793
10798
10799
10801
10806
10807
10808
10809
10810
10811
10812
10813
10814
10818
10820
10821
10822
10826
10828
10830
10831
10832
10838
10839
10844
10845
10847
10848
10850
10851
10852
10864
10867
10876
10877
10884
10885
10886
10888
10889
10890
10900
10901
10902
10903
10904
10905
10906
10907
10909
10911
10912
10916
10925
10926
10931
10932
10933
10934
10935
10939
10941
10943
10944
10945
10946
10947
10948
10953
10957
10958
10959
10972
10981
10982
10985
10986
10987
10989
10991
10994
10996
10997
10998
10999
11000
11001
11002
11003
11004
11005
11013
11015
11019
11021
11023
11025
11029
11033
11034
11035
11036
11037
11038
11039
11044
11045
11046
11048
11049
11054
11056
11057
11058
11059
11060
11061
11062
11063
11064
11065
11066
11067
11068
11069
11070
11071
11072
11073
11074
11079
11082
11085
11087
11088
11089
11090
11093
11096
11098
11101
11102
11103
11104
11109
11110
11111
11113
11118
11126
11127
11128
11131
11133
11139
11145
11154
11156
11157
11158
11162
11165
11166
11167
11169
11180
11188
11189
11190
11191
11192
11195
11198
11200
11202
11206
11207
11210
11211
11212
11215
11220
11226
11230
11232
11233
11234
11235
11236
11237
11238
11239
11240
11241
11242
11243
11244
11247
11248
11249
11250
11254
11255
11256
11258
11263
11265
11269
11279
11280
11282
11283
11284
11294
11295
11297
11298
11299
11301
11304
11307
11308
11311
11312
11317
11320
11321
11322
11325
11326
11329
11346
11349
11352
11353
11354
11355
11361
11363
11376
11377
11378
11379
11386
11397
11404
11411
11412
11415
11435
11437
11438
11439
11440
11465
11467
11468
11477
11486
11487
11493
11497
11498
11502
11506
11511
11512
11513
11514
11516
11524
11526
11528
11530
11531
11532
11533
11537
11546
11554
11555
11556
11557
11572
11580
11583
11584
11588
11589
11590
11591
11592
11593
11598
11608
11609
11610
11611
11613
11614
11617
11627
11628
11629
11630
11633
11636
11638
11640
11641
11642
11646
11652
11653
11655
11656
11657
11659
11662
11663
11669
11685
11688
11690
11691
11694
11702
11703
11704
11705
11708
11709
11726
11731
11739
11741
11742
11743
11745
11746
11747
11748
11749
11753
11755
11758
11759
11760
11765
11766
11777
11778
11779
11780
11783
11789
11792
11796
11801
11806
11810
11811
11816
11819
11821
11823
11824
11828
11829
11830
11833
11839
11860
11863
11866
11868
11873
11877
11878
11879
11884
11885
11891
11893
11895
11901
11923
11925
11934
11944
11946
11954
11956
11961
11962
11963
11966
11969
11975
11979
11983
11985
11986
11988
11991
11996
11998
12012
12014
12021
12026
12027
12028
12035
12045
12046
12049
12056
12059
12066
12067
12073
12078
12079
12080
12084
12088
12089
12100
12103
12112
12114
12116
12118
12119
12120
12123
12124
12128
12129
12132
12145
12159
12164
12168
12172
12180
12181
12189
12190
12194
12197
12204
12206
12214
12215
12216
12232
12233
12237
12238
12240
12246
12248
12251
12253
12259
12260
12264
12265
12270
12273
12275
12277
12299
12305
12310
12316
12317
12326
12328
12329
12330
12335
12342
12345
12353
12355
12357
12358
12361
12366
12368
12369
12371
12380
12385
12386
12392
12409
12410
12416
12426
12431
12441
12445
12454
12456
12472
12474
12475
12479
12480
12484
12485
12487
12492
12504
12509
12510
12512
12513
12517
12522
12525
12526
12530
12542
12559
12562
12563
12565
12568
12569
12575
12584
12591
12595
12603
12606
12610
12614
12618
12622
12627
12628
12635
12640
12641
12644
12648
12652
12656
12657
12658
12661
12669
12674
12676
12677
12680
12683
12684
12692
12696
12697
12703
12711
12712
12715
12716
12717
12718
12723
12728
12730
12731
12740
12746
12749
12757
12760
12770
12772
12773
12784
12785
12787
12789
12790
12791
12792
12795
12800
12812
12815
12822
12825
12826
12827
12832
12834
12836
12845
12849
12850
12851
12856
12857
12858
12865
12866
12867
12868
12877
12878
12886
12893
12898
12903
12922
12925
12927
12929
12939
12940
12941
12942
12944
12948
12957
12962
12979
12987
12988
12989
12990
12995
12996
13002
13003
13004
13007
13015
13018
13019
13020
13021
13022
13023
13025
13031
13033
13034
13035
13036
13039
13043
13049
13050
13051
13052
13054
13058
13073
13076
13085
13086
13087
13088
13089
13093
13099
13103
13104
13108
13109
13114
13125
13128
13129
13133
13134
13135
13136
13140
13144
13145
13151
13152
13153
13155
13156
13157
13158
13170
13171
13182
13188
13190
13196
13198
13200
13202
13207
13208
13209
13210
13212
13214
13216
13222
13224
13227
13230
13243
13244
13245
13246
13253
13254
13255
13257
13262
13263
13270
13271
13274
13282
13284
13288
13289
13292
13297
13299
13301
13302
13303
13304
13305
13306
13308
13309
13313
13316
13320
13322
13323
13327
13328
13329
13330
13334
13335
13336
13337
13339
13340
13341
13342
13343
13345
13347
13348
13349
13372
13373
13374
13377
13378
13379
13380
13398
13400
13417
13424
13428
13429
13430
13431
13434
13435
13442
13445
13450
13453
13455
13456
13457
13458
13459
13466
13468
13470
13471
13473
13475
13480
13482
13495
13502
13504
13505
13507
13512
13515
13516
13517
13527
13537
13547
13553
13554
13555
13558
13559
13560
13561
13562
13563
13568
13572
13580
13583
13586
13589
13600
13601
13602
13607
13609
13610
13623
13625
13628
13629
13631
13633
13634
13635
13637
13640
13642
13646
13673
13674
13681
13682
13689
13690
13691
13692
13693
13696
13700
13702
13706
13709
13710
13711
13712
13716
13718
13725
13726
13728
13729
13741
13742
13743
13744
13746
13747
13749
13753
13754
13759
13760
13761
13763
13765
13769
13771
13778
13780
13781
13783
13784
13786
13789
13790
13792
13793
13794
13799
13800
13801
13804
13806
13807
13808
13809
13810
13814
13818
13819
13823
13826
13827
13830
13833
13839
13841
13844
13846
13849
13854
13859
13861
13862
13866
13867
13868
13872
13873
13874
13875
13881
13885
13887
13890
13891
13893
13897
13905
13906
13907
13910
13915
13916
13917
13920
13921
13923
13925
13929
13931
13933
13934
13935
13936
13950
13951
13952
13956
13959
13961
13970
13971
13972
13974
13976
13977
13978
13982
13983
13988
13989
13991
13995
14001
14016
14017
14018
14026
14030
14032
14037
14038
14039
14040
14041
14048
14049
14050
14051
14053
14061
14063
14068
14069
14073
14077
14080
14089
14090
14092
14093
14095
14098
14106
14110
14111
14112
14113
14114
14115
14116
14117
14121
14125
14126
14127
14128
14129
14130
14131
14132
14133
14134
14135
14136
14141
14142
14143
14146
14147
14148
14149
14150
14152
14154
14155
14163
14165
14168
14169
14170
14171
14172
14174
14175
14176
14177
14178
14179
14180
14182
14183
14185
14187
14189
14190
14191
14201
14209
14210
14211
14212
14213
14214
14217
14218
14219
14220
14221
14222
14223
14224
14225
14226
14227
14228
14229
14230
14231
14232
14233
14234
14235
14236
14237
14238
14239
14240
14241
14242
14243
14244
14245
14246
14247
14248
14249
14250
14251
14252
14253
14254
14255
14257
14258
14259
14260
14261
14263
14264
14265
14266
14267
14268
14269
14270
14271
14272
14273
14274
14275
14276
14277
14278
14279
14280
14281
14286
14290
14291
14296
14299
14315
14319
14323
14325
14326
14328
14333
14334
14335
14338
14341
14343
14344
14346
14347
14350
14351
14355
14358
14363
14365
14366
14367
14373
14379
14386
14387
14388
14389
14390
14391
14392
14393
14394
14395
14396
14397
14398
14399
14405
14406
14407
14412
14414
14415
14416
14421
14426
14433
14436
14442
14445
14447
14448
14449
14450
14461
14467
14472
14473
14474
14480
14481
14482
14492
14498
14504
14505
14510
14516
14523
14527
14528
14533
14539
14541
14544
14556
14562
14567
14569
14572
14581
14582
14587
14592
14597
14598
14601
14613
14618
14621
14622
14624
14638
14639
14645
14652
14653
14658
14659
14661
14671
14679
14680
14682
14687
14694
14697
14702
14712
14716
14724
14726
14732
14733
14734
14740
14741
14756
14757
14758
14759
14760
14761
14762
14767
14774
14777
14778
14792
14806
14807
14823
14831
14833
14835
14839
14841
14855
14880
14882
14896
14899
14903
14905
14916
14921
14927
14931
14932
14933
14941
14942
14946
14950
14951
14956
14957
14962
14966
14967
14968
14969
14970
14973
14974
14984
14986
14987
14990
14991
14996
14998
15003
15005
15006
15007
15023
15029
15031
15036
15037
15047
15051
15052
15054
15055
15063
15074
15075
15087
15102
15103
15106
15115
15116
15117
15118
15121
15122
15123
15124
15125
15126
15127
15128
15129
15130
15131
15132
15151
15152
15156
15157
15158
15159
15160
15164
15165
15166
15173
15174
15177
15188
15189
15190
15192
15193
15194
15195
15196
15197
15199
15200
15201
15202
15207
15208
15210
15215
15218
15220
15222
15226
15228
15229
15230
15231
15236
15239
15240
15242
15248
15249
15252
15253
15254
15255
15256
15257
15258
15260
15261
15276
15280
15281
15293
15294
15295
15297
15299
15300
15301
15302
15310
15311
15320
15322
15334
15336
15337
15338
15340
15343
15344
15348
15349
15352
15359
15360
15363
15368
15371
15378
15379
15380
15381
15385
15386
15387
15411
15412
15427
15439
15446
15448
15451
15462
15463
15469
15471
15474
15476
15479
15480
15481
15490
15502
15505
15521
15522
15524
15525
15526
15527
15528
15529
15530
15531
15536
15541
15544
15545
15553
15559
15560
15562
15563
15566
15567
15568
15570
15586
15593
15594
15595
15596
15597
15598
15599
15602
15605
15606
15607
15608
15609
15613
15614
15615
15621
15623
15630
15631
15633
15634
15643
15645
15649
15650
15651
15652
15653
15654
15664
15670
15671
15672
15674
15675
15677
15678
15686
15694
15695
15696
15697
15698
15699
15705
15709
15710
15719
15720
15721
15722
15723
15724
15725
15726
15727
15728
15729
15738
15739
15742
15746
15747
15748
15749
15751
15757
15758
15759
15762
15773
15774
15777
15788
15789
15790
15794
15801
15802
15805
15806
15808
15809
15811
15812
15814
15815
15817
15845
15846
15849
15854
15855
15870
15876
15880
15884
15885
15893
15894
15904
15911
15912
15914
15939
15941
15942
15943
15949
15958
15966
15967
15968
15984
15985
15987
15988
15993
15996
15997
16007
16008
16010
16012
16013
16014
16016
16017
16019
16023
16024
16039
16049
16051
16060
16063
16078
16079
16080
16081
16084
16085
16087
16088
16089
16090
16091
16093
16094
16095
16097
16101
16108
16120
16121
16122
16123
16130
16136
16150
16151
16152
16153
16158
16161
16162
16163
16168
16170
16171
16175
16185
16186
16202
16205
16206
16208
16220
16221
16227
16234
16240
16241
16242
16243
16251
16262
16263
16264
16267
16268
16269
16270
16271
16274
16278
16285
16286
16288
16291
16292
16293
16305
16307
16308
16310
16311
16315
16316
16322
16328
16329
16334
16335
16339
16344
16345
16347
16352
16353
16355
16356
16357
16361
16362
16365
16366
16375
16376
16377
16381
16382
16383
16390
16391
16392
16393
16394
16408
16414
16420
16422
16423
16426
16428
16430
16436
16437
16438
16439
16441
16442
16443
16444
16445
16446
16447
16448
16464
16465
16479
16483
16486
16487
16490
16494
16495
16496
16508
16510
16515
16523
16525
16528
16529
16540
16542
16547
16549
16550
16551
16558
16569
16570
16571
16573
16574
16576
16582
16584
16585
16586
16590
16612
16623
16628
16638
16639
16641
16642
16643
16651
16656
16668
16670
16673
16680
16682
16683
16684
16685
16686
16688
16689
16694
16696
16697
16698
16699
16700
16701
16715
16720
16721
16722
16723
16733
16734
16736
16751
16766
16769
16770
16777
16787
16790
16792
16805
16808
16810
16811
16812
16819
16854
16855
16856
16875
16876
16877
16879
16898
16899
16906
16907
16909
16911
16919
16921
16922
16925
16926
16938
16939
16942
16948
16949
16950
16951
16952
16967
16969
16970
16971
16973
16975
16984
16986
16987
16994
16995
17010
17012
17015
17016
17017
17018
17019
17020
17021
17023
17024
17025
17026
17027
17028
17029
17031
17032
17033
17034
17035
17036
17038
17039
17040
17043
17044
17045
17046
17047
17049
17050
17051
17052
17053
17057
17058
17061
17062
17071
17072
17081
17107
17111
17112
17113
17118
17125
17149
17150
17152
17160
17161
17162
17179
17183
17204
17205
17207
17212
17221
17231
17235
17236
17238
17239
17242
17243
17252
17256
17262
17265
17266
17272
17273
17274
17275
17276
17277
17279
17280
17289
17291
17305
17308
17309
17310
17318
17331
17332
17334
17335
17336
17341
17346
17356
17357
17358
17359
17369
17370
17377
17380
17381
17382
17383
17384
17385
17386
17388
17389
17392
17394
17397
17398
17401
17402
17403
17405
17408
17409
17420
17421
17422
17425
17426
17427
17428
17429
17430
17433
17439
17446
17447
17450
17452
17460
17461
17462
17465
17466
17467
17469
17472
17473
17474
17475
17477
17478
17487
17488
17513
17521
17523
17527
17530
17531
17532
17534
17535
17542
17551
17552
17553
17554
17563
17564
17580
17587
17601
17604
17605
17614
17615
17616
17620
17621
17622
17624
17626
17630
17631
17632
17633
17634
17637
17638
17639
17642
17644
17645
17646
17647
17648
17649
17650
17655
17661
17662
17663
17668
17669
17670
17671
17676
17678
17680
17681
17682
17683
17687
17688
17689
17695
17701
17702
17733
17734
17736
17737
17738
17739
17740
17743
17745
17749
17750
17752
17753
17754
17755
17756
17757
17796
17800
17801
17813
17817
17818
17819
17821
17824
17831
17832
17833
17840
17844
17848
17849
17850
17851
17852
17858
17859
17866
17867
17882
17884
17885
17886
17887
17888
17889
17890
17894
17895
17899
17900
17901
17903
17905
17906
17907
17908
17909
17910
17911
17912
17913
17915
17916
17919
17920
17921
17924
17925
17926
17928
17936
17937
17939
17940
17941
17942
17943
17945
17948
17949
17950
17951
17957
17980
17981
17985
17994
17995
17997
18001
18007
18008
18009
18010
18011
18013
18014
18018
18024
18025
18026
18031
18032
18033
18034
18047
18048
18050
18054
18063
18064
18067
18068
18071
18073
18074
18075
18080
18081
18085
18087
18088
18094
18101
18103
18109
18110
18111
18112
18113
18114
18115
18120
18124
18125
18126
18127
18131
18132
18133
18134
18154
18157
18159
18162
18163
18166
18167
18168
18169
18174
18175
18176
18177
18179
18180
18182
18183
18186
18187
18188
18189
18190
18197
18198
18199
18204
18205
18207
18208
18210
18211
18213
18218
18224
18229
18230
18232
18233
18243
18245
18248
18255
18256
18257
18258
18260
18262
18263
18264
18265
18273
18275
18278
18279
18284
18285
18290
18291
18293
18316
18317
18320
18326
18327
18328
18333
18339
18340
18342
18343
18344
18347
18348
18350
18351
18354
18360
18361
18372
18374
18375
18376
18379
18380
18381
18384
18385
18393
18394
18395
18399
18400
18402
18403
18404
18405
18406
18407
18408
18409
18410
18412
18421
18422
18437
18439
18440
18453
18456
18457
18460
18461
18462
18465
18466
18467
18468
18469
18477
18481
18482
18487
18489
18490
18491
18494
18498
18503
18504
18505
18507
18508
18509
18512
18513
18514
18515
18521
18522
18527
18528
18529
18533
18534
18535
18536
18537
18538
18540
18541
18542
18546
18547
18552
18553
18554
18555
18556
18557
18558
18560
18561
18562
18563
18564
18566
18568
18569
18570
18571
18572
18573
18574
18575
18576
18577
18586
18589
18590
18591
18592
18593
18595
18596
18597
18599
18600
18601
18603
18605
18608
18615
18616
18619
18620
18621
18623
18627
18631
18644
18645
18646
18648
18649
18652
18654
18658
18659
18661
18663
18664
18668
18669
18670
18672
18673
18674
18676
18680
18682
18685
18686
18693
18694
18695
18697
18705
18706
18709
18715
18718
18719
18721
18722
18732
18733
18734
18738
18746
18747
18750
18765
18766
18768
18773
18774
18776
18777
18787
18788
18790
18791
18793
18794
18795
18796
18797
18800
18801
18802
18803
18804
18805
18806
18807
18809
18812
18815
18816
18817
18823
18825
18826
18828
18829
18830
18831
18832
18841
18856
18860
18868
18874
18875
18879
18880
18881
18884
18885
18889
18892
18894
18899
18904
18912
18913
18920
18921
18922
18929
18930
18932
18933
18934
18935
18936
18937
18941
18947
18951
18955
18956
18958
18959
18965
18966
18967
18968
18969
18970
18971
18974
18975
18976
18977
18978
18979
18990
18991
18992
18993
18995
18996
18997
19006
19007
19008
19015
19023
19024
19025
19026
19027
19031
19032
19033
19034
19036
19039
19040
19041
19043
19046
19050
19051
19052
19054
19056
19057
19058
19060
19061
19062
19063
19064
19065
19069
19070
19072
19073
19074
19075
19076
19077
19078
19079
19080
19081
19082
19085
19101
19103
19104
19105
19107
19108
19109
19110
19111
19112
19115
19117
19118
19119
19120
19123
19124
19125
19126
19128
19134
19137
19138
19139
19141
19142
19143
19144
19152
19153
19155
19157
19161
19162
19166
19167
19168
19169
19170
19171
19172
19173
19174
19175
19176
19177
19178
19179
19180
19181
19182
19183
19184
19187
19188
19189
19190
19191
19196
19197
19201
19202
19204
19205
19206
19211
19212
19221
19222
19223
19225
19229
19230
19231
19236
19243
19245
19248
19249
19250
19252
19253
19254
19255
19264
19265
19266
19269
19272
19280
19281
19282
19283
19286
19287
19288
19290
19293
19296
19297
19309
19316
19317
19325
19326
19329
19330
19337
19340
19344
19353
19354
19355
19364
19368
19370
19374
19375
19376
19377
19378
19379
19380
19384
19385
19386
19390
19396
19397
19398
19399
19400
19401
19404
19405
19411
19412
19415
19416
19417
19429
19430
19435
19436
19438
19439
19441
19452
19456
19457
19458
19459
19462
19463
19465
19474
19476
19479
19486
19487
19491
19492
19503
19504
19505
19506
19507
19508
19509
19510
19511
19515
19520
19524
19526
19527
19528
19529
19530
19538
19540
19541
19544
19545
19553
19556
19558
19559
19560
19561
19564
19568
19572
19573
19574
19575
19576
19577
19578
19580
19593
19594
19596
19597
19598
19602
19606
19609
19610
19611
19612
19613
19614
19615
19619
19622
19623
19624
19625
19628
19632
19633
19634
19635
19636
19646
19649
19650
19651
19652
19653
19654
19655
19656
19657
19658
19659
19660
19661
19662
19663
19664
19665
19666
19667
19668
19669
19670
19671
19672
19674
19675
19676
19679
19682
19684
19686
19687
19688
19689
19690
19713
19720
19721
19722
19728
19734
19735
19741
19745
19746
19747
19748
19750
19756
19762
19764
19767
19768
19769
19770
19771
19772
19773
19775
19776
19778
19779
19780
19782
19783
19785
19786
19787
19788
19789
19790
19791
19793
19795
19802
19824
19825
19826
19829
19838
19842
19843
19847
19849
19850
19865
19868
19873
19885
19887
19889
19892
19896
19897
19898
19903
19910
19911
19912
19915
19916
19917
19918
19919
19920
19921
19922
19923
19924
19929
19932
19933
19935
19936
19941
19943
19944
19945
19946
19950
19955
19956
19958
19961
19962
19963
19964
19966
19968
19970
19971
19972
19973
19975
19984
19985
19996
20003
20004
20005
20006
20007
20008
20010
20011
20012
20021
20023
20024
20030
20046
20057
20061
20063
20071
20073
20074
20075
20076
20077
20079
20085
20086
20088
20093
20094
20096
20104
20105
20106
20110
20112
20113
20114
20115
20116
20118
20119
20120
20121
20123
20124
20125
20126
20153
20155
20156
20157
20160
20170
20171
20175
20201
20207
20211
20212
20226
20227
20228
20232
20237
20248
20249
20253
20259
20260
20261
20263
20264
20265
20266
20270
20272
20273
20275
20277
20279
20280
20282
20283
20287
20289
20297
20298
20299
20300
20301
20307
20308
20311
20313
20314
20315
20317
20320
20321
20322
20334
20339
20340
20343
20348
20349
20352
20369
20370
20373
20374
20379
20381
20386
20392
20402
20403
20404
20405
20406
20407
20412
20413
20414
20416
20417
20418
20420
20421
20422
20423
20424
20425
20426
20427
20428
20429
20430
20432
20433
20434
20435
20437
20438
20439
20442
20443
20452
20460
20468
20469
20471
20473
20481
20482
20484
20486
20487
20490
20497
20501
20505
20506
20508
20510
20511
20512
20513
20514
20517
20521
20523
20525
20526
20527
20533
20534
20537
20538
20539
20544
20545
20552
20560
20564
20565
20569
20571
20573
20574
20575
20582
20584
20585
20586
20587
20591
20593
20595
20596
20597
20598
20600
20609
20610
20611
20612
20613
20615
20619
20620
20621
20627
20629
20633
20636
20637
20638
20639
20640
20641
20642
20643
20644
20645
20646
20650
20653
20654
20658
20659
20663
20664
20667
20668
20669
20676
20696
20703
20705
20706
20707
20712
20713
20716
20721
20723
20729
20730
20731
20732
20733
20734
20735
20736
20737
20738
20739
20740
20741
20742
20743
20746
20747
20748
20749
20750
20755
20760
20762
20763
20771
20773
20775
20776
20777
20778
20780
20783
20784
20785
20787
20788
20789
20792
20806
20807
20809
20810
20811
20812
20814
20824
20825
20826
20827
20828
20835
20838
20841
20844
20846
20847
20851
20853
20860
20861
20862
20868
20870
20871
20873
20874
20875
20876
20877
20909
20910
20911
20912
20915
20916
20922
20923
20924
20926
20927
20928
20929
20930
20933
20934
20942
20943
20945
20946
20949
20950
20951
20952
20953
20954
20955
20956
20957
20958
20959
20960
20961
20962
20963
20965
20966
20972
20973
20975
20976
20977
20987
20989
20990
20991
20992
20994
20995
21001
21002
21006
21007
21008
21009
21012
21013
21019
21021
21025
21026
21027
21030
21035
21037
21039
21044
21050
21051
21056
21057
21058
21059
21061
21062
21063
21065
21066
21067
21068
21071
21072
21073
21076
21077
21078
21079
21080
21081
21082
21086
21089
21090
21091
21092
21095
21098
21099
21100
21108
21110
21111
21112
21114
21115
21119
21121
21122
21123
21124
21125
21130
21142
21156
21157
21158
21160
21162
21163
21165
21166
21169
21171
21173
21179
21180
21181
21185
21186
21190
21191
21192
21194
21196
21205
21208
21209
21210
21212
21213
21214
21225
21226
21227
21228
21229
21233
21234
21235
21253
21254
21256
21261
21269
21273
21274
21276
21282
21285
21286
21289
21290
21296
21302
21303
21304
21310
21311
21312
21313
21314
21315
21316
21317
21322
21324
21326
21327
21329
21331
21332
21335
21337
21338
21339
21340
21341
21343
21352
21355
21356
21358
21362
21367
21370
21371
21375
21380
21382
21391
21392
21393
21394
21395
21396
21397
21398
21403
21404
21408
21422
21423
21424
21427
21431
21432
21433
21434
21435
21437
21439
21440
21444
21446
21450
21451
21452
21456
21459
21460
21463
21464
21465
21477
21481
21482
21484
21489
21495
21496
21497
21498
21499
21502
21503
21504
21505
21512
21521
21522
21523
21524
21525
21526
21528
21530
21531
21533
21534
21535
21536
21537
21538
21546
21559
21560
21565
21570
21571
21581
21585
21587
21592
21593
30171
30172
23315
21970
21972
12539
30192
30198
30203
30214
30232
30228
23049
21989
2251
14729
1223
3295
21946
2281
21950
29549
23778
22067
22431
22958
29464
27696
27698
23229
27700
25254
25224
25289
25320
22284
25226
25385
25228
25259
25323
25355
25386
25451
25229
25261
25356
25452
25483
25230
25231
25262
25484
25516
25549
25234
25266
25326
25357
25389
25454
25616
25648
25235
25267
25327
25359
25455
25486
25649
25681
25237
25268
25328
25329
25360
25487
25519
25552
25682
25747
25238
25270
25330
25361
25362
25520
25553
25585
25748
25779
25241
25331
25390
25618
25878
25242
25274
25332
25364
25392
25456
25619
25651
25879
25911
22296
25275
25333
25365
25393
25488
25652
25684
25912
25335
25366
25394
25395
25458
25490
25521
25554
25685
25750
25244
25336
25368
25396
25459
25460
25491
25523
25556
25587
25751
25782
25976
25246
25277
25338
25369
25461
25493
25494
25524
25557
25589
25783
25848
25977
26042
25401
25464
25497
25528
25561
25624
25625
25656
25688
25752
25342
25402
25466
25498
25529
25562
25594
25626
25657
25658
25689
25754
25784
25979
25344
25375
25404
25467
25499
25530
25563
25595
25659
25690
25691
25755
25786
25850
25980
25345
25378
25469
25500
25532
25565
25596
25692
25756
25757
25787
25852
26078
25380
25471
25503
25629
25661
25693
25886
25917
26145
25408
25537
25570
25602
25632
25664
25695
25791
25889
25919
25920
25981
28119
29564
29567
29568
29575
29589
28089
29576
29569
29580
29577
29581
29592
29598
29571
29582
29602
29603
29595
29585
29597
29610
28919
0
30363
30409
30416
30607
30807
30844
30850
30866
30868
30890
21967
22314
22308
21966
22034
30981
30989
31014
31073
31105
31115
31117
31128
31144
31147
31195
31207
31230
31233
31235
22780
11172
31308
22082
31346
31364
22085
31366
31396
31427
31453
1293
3294
22590
23377
22575
22055
22053
22713
14087
23336
22064
22746
22668
22069
23257
22855
22074
22490
22628
2931
16140
39
4858
11820
21947
10326
12126
12890
24096
121163
9869
12107
22410
2941
22080
29815
29836
20541
29912
18754
18755
24322
21893
14730
8349
29819
29846
12029
16354
16358
16578
16579
21911
22059
736
1370
2338
3390
9806
9957
10405
12015
12436
14979
15778
16336
17007
20172
21918
29817
29902
10078
9189
9392
13126
15077
18145
18455
18756
8153
13413
12040
21336
1358
10417
29859
8202
12554
13461
15516
29822
14803
29837
15423
911
8067
8111
8258
9545
10984
13317
13414
20095
20372
22212
275
29758
23061
30218
12813
22444
22494
22853
28496
21982
21984
21952
22576
21953
21963
22937
23050
23081
23245
21985
24021
24052
24053
29416
2945
12377
23184
22260
22429
24455
22376
22299
23772
21957
21965
21968
29563
22959
29558
27695
25303
25749
24733
24761
28593
28599
25399
25463
25496
25623
25655
25686
25291
25354
25299
25617
29469
28602
25223
25287
25301
25683
29463
25906
25295
25485
25300
25650
25222
25308
25880
24732
66624
25163
25292
25387
24485
24373
24401
25294
25453
24381
24408
24462
24489
24628
25290
25322
25643
25899
26121
24468
24495
24520
24575
24630
23899
23871
24717
24472
66101
24522
66330
21954
24459
24571
24378
24406
24486
23893
22304
24210
3001
24466
24494
24518
24372
24399
24456
25233
25324
25388
25615
22462
66119
66228
66338
22159
22346
28925
23091
22828
22480
12122
22030
22046
22056
22057
12349
22070
22097
22106
23324
22160
22214
22218
3135
22302
1980
22318
22332
22356
22365
19028
22391
22409
22415
22418
22521
22535
22555
22573
28582
22625
22666
22682
22714
22794
22849
22888
22990
23072
23111
23155
23182
23314
23316
23319
23411
23498
23535
23773
23800
2913
23902
23954
24240
27725
27727
28023
28100
28102
28110
28112
28576
23141
23777
22359
9341
8376
97611
97638
97270
97358
97210
44860
44197
44596
67053
44175
43735
67343
43817
43687
67363
67399
67673
72162
29406
12560
29946
27742
28551
28558
28560
123210
23853
23882
23894
27805
121964
121976
122105
122117
122257
23833
23880
27732
125014
125015
121562
121563
121575
121680
121681
125017
23822
23885
125034
125035
125036
125037
125038
125039
125040
125041
125042
125043
125044
125045
121425
121426
125046
125047
125048
125049
125050
125051
125052
125053
125054
125055
125056
125057
125058
125059
125060
125061
125062
125063
125064
125065
125066
125067
125068
125069
125070
125071
125072
125073
125074
125075
125076
125077
125078
125079
125080
125081
125082
125083
125084
125085
125086
125087
125088
125089
125090
125091
125092
125093
125094
125095
125096
125097
125098
125099
125100
125101
125102
125103
125104
125105
125106
125107
125108
125109
125110
125111
125112
125113
125114
125115
125116
125117
125118
125119
125120
125121
125122
125123
125124
125125
125126
125127
125128
125129
125130
125131
125132
125133
125134
125135
125136
125137
125138
125139
125140
125141
125142
125143
125144
125145
125146
125147
125148
125149
125150
125151
125152
125153
28550
28553
28557
125155
125156
125157
125158
125159
125160
125161
125162
125163
125164
125165
125166
125167
125168
125169
125170
125171
125172
125173
125174
125175
125176
125177
125178
125179
125180
125181
125182
125183
125184
125185
125186
125187
125188
125189
125190
125191
125192
125193
125194
125195
125196
125197
125198
125199
125200
125201
125202
125203
125204
125205
125206
125207
125208
125209
125210
125211
125212
125213
125214
125215
125216
125217
125218
125219
125220
125221
125222
125223
125224
125225
125226
23827
23865
122207
125227
125228
125229
125230
125231
125232
125233
125234
125235
125236
125237
125238
125239
125240
125241
125242
125243
125244
125245
125246
125247
125248
125249
125250
125251
125252
125253
125254
125255
125256
125257
121552
121553
125258
125259
125260
125261
125262
125263
125264
125265
125266
125267
125268
125269
125270
125271
125272
125273
125274
125275
125276
125277
125278
125279
125280
125281
125282
125283
125284
125285
125286
125287
125288
125289
125290
125291
125292
125293
125294
125295
125296
125297
125298
125299
125300
125301
125302
125303
125304
125305
125306
125307
125308
125309
125310
125311
125312
125313
125314
125315
125316
125317
125318
125319
125320
125321
125322
125323
125324
125325
125326
125327
125328
125329
125330
125331
125332
125333
125334
125335
125336
125337
125338
125339
125340
125341
125342
125343
125344
125345
125346
125347
125348
23812
121949
23884
125349
125350
125351
125352
125353
125354
125355
125356
125357
125358
125359
125360
125361
125362
125363
125364
125365
125366
125367
121438
121450
125368
125369
125370
125371
125372
125373
125374
125375
121531
121532
122486
122370
121917
121661
23863
23876
125376
125377
125378
125379
125380
125381
125382
125383
125384
125385
125386
125387
125388
125389
23806
121948
23879
125390
125391
125392
125393
125394
125395
125396
125397
125398
125399
125400
125401
125402
125403
125404
125405
125406
125407
125408
125409
125410
125411
125412
125413
125414
121404
121405
125415
125416
125417
125418
121916
23820
23862
23870
125419
125420
125421
125422
125423
125424
125425
125426
125427
125428
125429
125430
125431
125432
125433
23821
23872
122183
125434
125435
125436
125437
125438
125439
125440
125441
125442
125443
125444
125445
125446
125447
125448
125449
125450
125451
125452
125453
121390
125454
125455
125456
125457
125458
125459
125460
125461
125462
125463
125464
125465
125466
125467
125468
125469
125470
125471
125472
125473
125474
125475
125476
125477
125478
125479
125480
125481
125482
125483
125484
125485
125486
125487
125488
125489
125490
125491
125492
125493
125494
125495
125496
125497
125498
23818
125499
125500
125501
125502
125503
125504
125505
125506
125507
125508
125510
125511
125512
125513
125514
121927
23864
23873
23877
125515
125516
125517
125518
125519
125520
125521
125522
125523
125524
125525
125526
125527
125528
125529
125530
125531
125532
125533
125534
121396
121397
125535
125536
125537
125538
125539
122510
121928
23878
23883
125540
125541
125542
125543
125544
125545
125546
125547
125548
125549
125550
125551
125552
125553
121437
121449
125554
125555
125556
125557
125558
121523
121524
125559
125560
125561
125562
125563
125564
125565
125566
125567
125568
125569
125570
125571
125572
125573
125574
125575
125576
125577
125578
125579
125580
125581
125582
125583
125584
125585
125586
125587
125588
125589
125590
125591
125592
125593
125594
125595
125596
125597
125598
125599
125600
125601
125602
125603
125604
125605
23874
125606
125607
125608
125609
125610
125611
125612
125613
125614
125615
125616
125617
125618
125619
125620
125621
125622
125623
125624
125625
125626
125627
125628
125629
125630
125631
125632
28549
28552
28556
125633
125634
125635
125636
125637
125638
125639
125640
125641
125642
125643
125644
125645
125646
125647
121905
23819
23869
125648
125649
125650
125651
125652
125653
125654
125655
125656
125657
125658
125659
125660
125661
125662
125663
125664
125665
125666
125667
125668
125669
125670
125671
125672
125673
125674
125675
125676
125677
125678
125679
125680
125681
125682
125683
23816
125684
125685
125686
125687
125688
125689
125690
125691
125692
125693
125694
125695
125696
125697
125698
125699
125700
125701
125702
125703
23802
125704
125705
125706
125707
125708
125709
125710
125711
125712
125713
125714
125715
125716
125717
125718
125719
125720
125721
121637
122558
121649
122487
122559
122371
23867
122548
122348
122560
122410
122550
27768
122920
27799
125722
125723
125724
125725
125726
125727
125728
125729
125730
125731
125732
121515
121639
125733
125734
125735
125736
125737
125738
125739
125740
125741
125742
125743
125744
125745
125746
125747
125748
125749
125750
125751
125752
125753
125754
125755
125756
125757
125758
125759
125760
125761
125762
125763
125764
125765
125766
125767
125768
125769
125770
125771
125772
125773
125774
125775
125776
125777
125778
125779
125780
125781
125782
125783
125784
125785
125786
125787
125788
125789
125790
125791
125792
125793
125794
125795
125796
125797
125798
125799
125800
125801
125802
125803
125804
125805
125806
125807
125808
125809
125810
125811
125812
125813
125814
125815
125816
125817
125818
125819
125820
125821
125822
125823
125824
125825
125826
125827
125828
125829
125830
125831
125832
125833
125834
125835
125836
125837
125838
125839
125840
125841
125842
125843
125844
125845
125846
125847
125848
125849
125850
125851
125852
125853
125854
125855
125856
125857
125858
125859
125860
125861
125862
125863
125864
125865
125866
125867
125868
125869
125870
125871
125872
125873
125874
125875
125876
125877
125878
125879
125880
125881
125882
125883
125884
125885
125886
125887
125888
125889
125890
125891
125892
125893
125894
125895
125896
125897
125898
125899
125900
125901
125902
125903
125904
125905
125906
125907
125908
125909
125910
125911
125912
125913
125914
125915
125916
125917
125918
125919
125920
125921
125922
125923
125924
125925
125926
125927
125928
125929
125930
125931
125932
125933
125934
125935
125936
125937
125938
125939
125940
125941
125942
125943
125944
125945
125946
125947
125948
125949
125950
125951
125952
125953
125955
125956
125957
125958
125959
125960
125961
125962
125963
125964
125965
125966
125967
125968
125969
125970
125971
125972
125973
125974
125975
125976
125977
125978
125979
125980
125981
125982
125983
125984
125985
125986
125987
125988
125989
125990
125991
125992
125993
125994
125995
125996
125997
125998
125999
126000
126001
126002
126003
126004
126005
126006
126007
126008
126009
126010
126011
126012
126013
126014
126015
126016
126017
126018
126020
126021
126023
126024
126025
126026
126027
126028
126029
126030
126032
23334
9574
121331
126033
126034
126035
126036
126037
126038
126039
126040
126041
126043
126046
126047
126048
126049
126050
126051
126052
126053
126054
126055
126056
126057
126058
126060
126061
126062
126063
126064
126105
126108
126109
126110
126111
126112
126113
126114
126115
126116
126124
126128
126130
126131
126132
126134
126135
126136
126137
126138
126140
126141
126142
126143
126144
126145
126146
126147
126148
126149
126150
126151
126152
126154
126167
126170
126171
126172
126173
126174
126175
126176
126177
126178
126195
126198
126199
126200
126201
126202
126203
126204
126207
126209
126214
126217
126227
126231
126237
126238
